100
0.0145 0.2271 0.2416
0.2237 0.4581 0.6818
0.5904 0.3759 0.9663
0.6779 0.1072 0.7851
0.1395 0.2188 0.3583
0.0114 0.8937 0.9051
0.2215 0.229 0.4505
0.4609 0.3659 0.8268
0.5256 0.0402 0.5658
0.5129 0.4465 0.9594
0.1819 0.2036 0.3855
0.4268 0.0053 0.4321
0.2533 0.0133 0.2666
0.5947 0.2112 0.8059
0.319 0.6195 0.9385
0.6828 0.0281 0.7109
0.5141 0.2869 0.801
0.1109 0.6788 0.7897
0.6495 0.3227 0.9722
0.027 0.6049 0.6319
0.4734 0.087 0.5604
0.781 0.015 0.796
0.5548 0.1167 0.6715
0.6233 0.3099 0.9332
0.4364 0.2794 0.7158
0.3392 0.2085 0.5477
0.5098 0.4312 0.941
0.1322 0.752 0.8842
0.3845 0.4281 0.8126
0.8206 0.0499 0.8705
0.6159 0.3333 0.9492
0.2301 0.4067 0.6368
0.3016 0.4843 0.7859
0.7219 0.056 0.7779
0.1468 0.0884 0.2352
0.0282 0.816 0.8442
0.3292 0.0561 0.3853
0.2494 0.2243 0.4737
0.0947 0.4764 0.5711
0.1084 0.1819 0.2903
0.0407 0.571 0.6117
0.5684 0.0559 0.6243
0.057 0.4565 0.5135
0.3943 0.0302 0.4245
0.7954 0.1748 0.9702
0.4361 0.4096 0.8457
0.3396 0.4216 0.7612
0.2388 0.467 0.7058
0.0776 0.1614 0.239
0.1854 0.1855 0.3709
0.0295 0.7789 0.8084
0.3294 0.4843 0.8137
0.0501 0.459 0.5091
0.0687 0.4343 0.503
0.4466 0.107 0.5536
0.1809 0.7418 0.9227
0.3007 0.141 0.4417
0.2031 0.3045 0.5076
0.3227 0.2612 0.5839
0.2923 0.1439 0.4362
0.2455 0.7521 0.9976
0.1749 0.4751 0.65
0.6769 0.1011 0.778
0.5707 0.1969 0.7676
0.888 0.023 0.911
0.6472 0.3362 0.9834
0.0347 0.08 0.1147
0.6277 0.1094 0.7371
0.159 0.3331 0.4921
0.2956 0.3089 0.6045
0.3876 0.5148 0.9024
0.4064 0.0831 0.4895
0.2561 0.624 0.8801
0.2916 0.3704 0.662
0.4018 0.0868 0.4886
0.3865 0.3079 0.6944
0.0062 0.2727 0.2789
0.2101 0.5631 0.7732
0.384 0.0282 0.4122
0.0063 0.4253 0.4316
0.3656 0.2802 0.6458
0.1467 0.7125 0.8592
0.3433 0.6351 0.9784
0.5775 0.2025 0.78
0.063 0.1734 0.2364
0.0149 0.0033 0.0182
0.4046 0.2463 0.6509
0.232 0.2659 0.4979
0.2889 0.6569 0.9458
0.0726 0.7357 0.8083
0.4461 0.3505 0.7966
0.5463 0.0773 0.6236
0.6095 0.3104 0.9199
0.1694 0.3991 0.5685
0.1514 0.1542 0.3056
0.5158 0.0372 0.553
0.1342 0.8469 0.9811
0.3731 0.5512 0.9243
0.0643 0.6762 0.7405
0.5878 0.4088 0.9966
