1000
0.7114 0.0527 0.7641
0.1373 0.8373 0.9746
0.6557 0.1956 0.8513
0.0755 0.1171 0.1926
0.0094 0.3984 0.4078
0.2488 0.5329 0.7817
0.001 0.6028 0.6038
0.5337 0.095 0.6287
0.2666 0.3784 0.645
0.0307 0.1785 0.2092
0.3423 0.3842 0.7265
0.0019 0.2464 0.2483
0.1043 0.5672 0.6715
0.1427 0.7411 0.8838
0.8033 0.064 0.8673
0.1894 0.2278 0.4172
0.2252 0.6717 0.8969
0.4581 0.1857 0.6438
0.8393 0.0257 0.865
0.5833 0.0394 0.6227
0.0538 0.1872 0.241
0.616 0.1131 0.7291
0.328 0.6173 0.9453
0.1349 0.132 0.2669
0.5554 0.4042 0.9596
0.1791 0.484 0.6631
0.2284 0.1405 0.3689
0.1929 0.7351 0.928
0.7633 0.213 0.9763
0.0633 0.9238 0.9871
0.0788 0.4906 0.5694
0.1234 0.0482 0.1716
0.0739 0.1716 0.2455
0.2445 0.658 0.9025
0.4604 0.4068 0.8672
0.1204 0.303 0.4234
0.3383 0.4118 0.7501
0.3964 0.4794 0.8758
0.0334 0.5066 0.54
0.2375 0.6169 0.8544
0.1075 0.8178 0.9253
0.4974 0.0127 0.5101
0.2045 0.3605 0.565
0.0451 0.4631 0.5082
0.8111 0.137 0.9481
0.3033 0.168 0.4713
0.169 0.2699 0.4389
0.8787 0.098 0.9767
0.1433 0.2043 0.3476
0.2567 0.6673 0.924
0.4885 0.4531 0.9416
0.6976 0.1564 0.854
0.7686 0.1561 0.9247
0.0082 0.8316 0.8398
0.3111 0.2349 0.546
0.8524 0.015 0.8674
0.208 0.6336 0.8416
0.2287 0.3898 0.6185
0.2835 0.1148 0.3983
0.0467 0.7309 0.7776
0.4658 0.27 0.7358
0.2195 0.0656 0.2851
0.0644 0.1969 0.2613
0.1123 0.1579 0.2702
0.39 0.0059 0.3959
0.306 0.0082 0.3142
0.5345 0.2137 0.7482
0.2349 0.4937 0.7286
0.4657 0.0022 0.4679
0.2153 0.0823 0.2976
0.053 0.6473 0.7003
0.0046 0.3929 0.3975
0.066 0.2719 0.3379
0.3702 0.075 0.4452
0.1088 0.3865 0.4953
0.4437 0.5042 0.9479
0.3662 0.071 0.4372
0.0954 0.0004 0.0958
0.4773 0.1998 0.6771
0.4695 0.3249 0.7944
0.3819 0.064 0.4459
0.0667 0.2676 0.3343
0.598 0.1488 0.7468
0.5782 0.3879 0.9661
0.5505 0.0868 0.6373
0.6104 0.1211 0.7315
0.039 0.2168 0.2558
0.1904 0.799 0.9894
0.9442 0.0006 0.9448
0.1489 0.1049 0.2538
0.8431 0.1413 0.9844
0.4517 0.1129 0.5646
0.2075 0.6488 0.8563
0.2786 0.1254 0.404
0.7239 0.2289 0.9528
0.2861 0.2382 0.5243
0.4101 0.2596 0.6697
0.5631 0.3744 0.9375
0.065 0.2493 0.3143
0.1718 0.7617 0.9335
0.7411 0.2119 0.953
0.2832 0.1935 0.4767
0.446 0.5512 0.9972
0.279 0.4073 0.6863
0.1066 0.5536 0.6602
0.0735 0.348 0.4215
0.2409 0.5891 0.83
0.144 0.28 0.424
0.6589 0.1526 0.8115
0.0254 0.09 0.1154
0.3969 0.0174 0.4143
0.5503 0.4354 0.9857
0.2439 0.3729 0.6168
0.2966 0.4858 0.7824
0.0698 0.9259 0.9957
0.1989 0.1027 0.3016
0.3893 0.3201 0.7094
0.4293 0.1924 0.6217
0.6872 0.0742 0.7614
0.4345 0.1837 0.6182
0.1306 0.5174 0.648
0.1115 0.0922 0.2037
0.656 0.0514 0.7074
0.1092 0.8621 0.9713
0.5 0.3105 0.8105
0.6028 0.3463 0.9491
0.0045 0.0068 0.0113
0.0497 0.3277 0.3774
0.1857 0.0339 0.2196
0.1943 0.6595 0.8538
0.3672 0.4007 0.7679
0.516 0.2209 0.7369
0.0007 0.8336 0.8343
0.1652 0.6329 0.7981
0.0843 0.5268 0.6111
0.3147 0.1633 0.478
0.3631 0.503 0.8661
0.6283 0.3652 0.9935
0.4664 0.1035 0.5699
0.3285 0.2978 0.6263
0.5915 0.0347 0.6262
0.4842 0.381 0.8652
0.2495 0.1335 0.383
0.6215 0.3599 0.9814
0.1289 0.1178 0.2467
0.3315 0.136 0.4675
0.2085 0.1582 0.3667
0.1376 0.8064 0.944
0.0338 0.1663 0.2001
0.2073 0.102 0.3093
0.6066 0.1924 0.799
0.7936 0.1963 0.9899
0.3495 0.2235 0.573
0.2978 0.1834 0.4812
0.6072 0.0238 0.631
0.0244 0.1159 0.1403
0.1518 0.3122 0.464
0.2567 0.7 0.9567
0.3216 0.3935 0.7151
0.3585 0.5816 0.9401
0.8695 0.0614 0.9309
0.3991 0.1121 0.5112
0.5267 0.3997 0.9264
0.5217 0.2264 0.7481
0.0032 0.0745 0.0777
0.237 0.1373 0.3743
0.4816 0.0573 0.5389
0.5378 0.3018 0.8396
0.7913 0.038 0.8293
0.3235 0.4511 0.7746
0.3838 0.18 0.5638
0.132 0.5388 0.6708
0.6029 0.299 0.9019
0.3319 0.2854 0.6173
0.1309 0.6792 0.8101
0.6286 0.3239 0.9525
0.5158 0.1313 0.6471
0.2609 0.5269 0.7878
0.2803 0.6139 0.8942
0.6185 0.0875 0.706
0.7252 0.1434 0.8686
0.5567 0.051 0.6077
0.1694 0.5109 0.6803
0.667 0.3053 0.9723
0.1425 0.6872 0.8297
0.307 0.2891 0.5961
0.3771 0.2462 0.6233
0.3727 0.3576 0.7303
0.422 0.2744 0.6964
0.1808 0.5139 0.6947
0.5588 0.2169 0.7757
0.2181 0.2699 0.488
0.478 0.134 0.612
0.4005 0.3092 0.7097
0.3952 0.1655 0.5607
0.7847 0.0182 0.8029
0.4618 0.1128 0.5746
0.5639 0.1043 0.6682
0.1977 0.181 0.3787
0.1011 0.1467 0.2478
0.1141 0.6342 0.7483
0.2713 0.4551 0.7264
0.1506 0.5981 0.7487
0.7378 0.0149 0.7527
0.0595 0.8365 0.896
0.7959 0.1692 0.9651
0.0695 0.7337 0.8032
0.057 0.4218 0.4788
0.3322 0.2829 0.6151
0.4868 0.4536 0.9404
0.3704 0.3132 0.6836
0.3513 0.4532 0.8045
0.1734 0.6701 0.8435
0.8242 0.0676 0.8918
0.1625 0.2657 0.4282
0.4774 0.4702 0.9476
0.7929 0.1761 0.969
0.6276 0.0196 0.6472
0.5296 0.3045 0.8341
0.2076 0.3345 0.5421
0.1232 0.7179 0.8411
0.7329 0.2022 0.9351
0.0528 0.8843 0.9371
0.4741 0.082 0.5561
0.8034 0.1647 0.9681
0.5908 0.3975 0.9883
0.5595 0.269 0.8285
0.5843 0.3729 0.9572
0.4731 0.0912 0.5643
0.1782 0.1949 0.3731
0.7861 0.0501 0.8362
0.1406 0.3871 0.5277
0.6599 0.1433 0.8032
0.8219 0.0735 0.8954
0.169 0.8277 0.9967
0.2825 0.5091 0.7916
0.1139 0.6391 0.753
0.0099 0.4818 0.4917
0.7245 0.0282 0.7527
0.1275 0.6517 0.7792
0.0231 0.2831 0.3062
0.3995 0.1154 0.5149
0.5553 0.0773 0.6326
0.0282 0.3116 0.3398
0.2864 0.0721 0.3585
0.2086 0.0345 0.2431
0.0378 0.3187 0.3565
0.7608 0.0067 0.7675
0.3566 0.5426 0.8992
0.3882 0.3845 0.7727
0.1279 0.7264 0.8543
0.4312 0.5173 0.9485
0.2479 0.7104 0.9583
0.7307 0.1432 0.8739
0.2478 0.4269 0.6747
0.1895 0.0532 0.2427
0.7256 0.0718 0.7974
0.2835 0.0186 0.3021
0.2784 0.1964 0.4748
0.5142 0.027 0.5412
0.5309 0.2466 0.7775
0.6926 0.0582 0.7508
0.7142 0.0564 0.7706
0.1849 0.4028 0.5877
0.5363 0.1812 0.7175
0.2146 0.2832 0.4978
0.7905 0.0147 0.8052
0.0714 0.5023 0.5737
0.4357 0.0542 0.4899
0.5696 0.1119 0.6815
0.264 0.1764 0.4404
0.0995 0.7796 0.8791
0.0654 0.354 0.4194
0.2211 0.6554 0.8765
0.6334 0.1073 0.7407
0.1033 0.1084 0.2117
0.2332 0.1461 0.3793
0.8305 0.0506 0.8811
0.4176 0.3112 0.7288
0.4319 0.1416 0.5735
0.4096 0.26 0.6696
0.7314 0.1389 0.8703
0.0305 0.378 0.4085
0.3202 0.0969 0.4171
0.3409 0.3853 0.7262
0.4362 0.3699 0.8061
0.1662 0.7114 0.8776
0.6202 0.3423 0.9625
0.5555 0.2998 0.8553
0.0719 0.1384 0.2103
0.3222 0.6705 0.9927
0.8592 0.0968 0.956
0.5101 0.3882 0.8983
0.1711 0.5846 0.7557
0.8806 0.079 0.9596
0.4682 0.4404 0.9086
0.205 0.5974 0.8024
0.1477 0.4658 0.6135
0.165 0.6705 0.8355
0.5077 0.2633 0.771
0.3895 0.5952 0.9847
0.4675 0.4645 0.932
0.3583 0.298 0.6563
0.0029 0.5735 0.5764
0.212 0.0245 0.2365
0.3314 0.2039 0.5353
0.3242 0.2858 0.61
0.0951 0.3576 0.4527
0.0039 0.0724 0.0763
0.1204 0.0617 0.1821
0.4233 0.403 0.8263
0.1944 0.4064 0.6008
0.2753 0.2745 0.5498
0.5451 0.3825 0.9276
0.0829 0.0878 0.1707
0.3458 0.6329 0.9787
0.2451 0.2254 0.4705
0.5827 0.0924 0.6751
0.3127 0.5802 0.8929
0.3922 0.4612 0.8534
0.1613 0.2325 0.3938
0.1124 0.8333 0.9457
0.4627 0.3565 0.8192
0.2478 0.7302 0.978
0.0768 0.781 0.8578
0.371 0.4117 0.7827
0.2458 0.5924 0.8382
0.1967 0.1912 0.3879
0.4069 0.3211 0.728
0.2841 0.1261 0.4102
0.0836 0.1372 0.2208
0.2254 0.2758 0.5012
0.1711 0.3671 0.5382
0.0177 0.588 0.6057
0.3676 0.3907 0.7583
0.2701 0.6243 0.8944
0.0381 0.4466 0.4847
0.2208 0.3208 0.5416
0.0459 0.9447 0.9906
0.4233 0.2688 0.6921
0.3529 0.4074 0.7603
0.5017 0.3684 0.8701
0.0735 0.5841 0.6576
0.1802 0.7817 0.9619
0.0457 0.6884 0.7341
0.7378 0.1399 0.8777
0.505 0.281 0.786
0.2013 0.4001 0.6014
0.3306 0.2639 0.5945
0.2339 0.4059 0.6398
0.0307 0.2476 0.2783
0.103 0.4809 0.5839
0.5857 0.2684 0.8541
0.177 0.6449 0.8219
0.7672 0.071 0.8382
0.1907 0.6816 0.8723
0.099 0.7366 0.8356
0.786 0.1919 0.9779
0.6046 0.1076 0.7122
0.7683 0.2233 0.9916
0.153 0.3288 0.4818
0.2991 0.4841 0.7832
0.4488 0.2157 0.6645
0.8027 0.166 0.9687
0.2507 0.5747 0.8254
0.4286 0.0932 0.5218
0.4225 0.5461 0.9686
0.4527 0.1857 0.6384
0.5736 0.2837 0.8573
0.1089 0.0888 0.1977
0.6287 0.2514 0.8801
0.0725 0.6807 0.7532
0.0976 0.3935 0.4911
0.6705 0.2518 0.9223
0.4632 0.4116 0.8748
0.0272 0.8129 0.8401
0.0212 0.7508 0.772
0.3082 0.6659 0.9741
0.309 0.4663 0.7753
0.9062 0.0078 0.914
0.1946 0.6358 0.8304
0.3092 0.1944 0.5036
0.5129 0.0207 0.5336
0.5544 0.2827 0.8371
0.6911 0.1421 0.8332
0.2507 0.4164 0.6671
0.0756 0.4577 0.5333
0.5939 0.2684 0.8623
0.2765 0.6852 0.9617
0.1303 0.1748 0.3051
0.2492 0.5024 0.7516
0.7097 0.2374 0.9471
0.537 0.2705 0.8075
0.2817 0.6829 0.9646
0.7714 0.0449 0.8163
0.1244 0.2858 0.4102
0.174 0.1463 0.3203
0.8264 0.0733 0.8997
0.4689 0.1208 0.5897
0.0103 0.5071 0.5174
0.1893 0.0672 0.2565
0.2759 0.6638 0.9397
0.0496 0.5083 0.5579
0.9777 0.0136 0.9913
0.5505 0.1084 0.6589
0.0264 0.5667 0.5931
0.2112 0.2533 0.4645
0.3755 0.5993 0.9748
0.4695 0.2109 0.6804
0.4826 0.3664 0.849
0.11 0.8091 0.9191
0.1485 0.0404 0.1889
0.5526 0.1013 0.6539
0.2514 0.3827 0.6341
0.8306 0.0601 0.8907
0.0966 0.439 0.5356
0.0102 0.696 0.7062
0.3594 0.5877 0.9471
0.0495 0.8753 0.9248
0.112 0.7792 0.8912
0.5781 0.4091 0.9872
0.0013 0.4674 0.4687
0.2882 0.0888 0.377
0.0893 0.8782 0.9675
0.2275 0.3894 0.6169
0.5145 0.3308 0.8453
0.0441 0.8419 0.886
0.7345 0.1705 0.905
0.2224 0.7204 0.9428
0.1081 0.2021 0.3102
0.4874 0.401 0.8884
0.2806 0.5683 0.8489
0.0811 0.2137 0.2948
0.8531 0.052 0.9051
0.5387 0.4517 0.9904
0.0503 0.1766 0.2269
0.1491 0.706 0.8551
0.6139 0.3159 0.9298
0.2444 0.1917 0.4361
0.2333 0.513 0.7463
0.7986 0.1318 0.9304
0.6468 0.076 0.7228
0.8931 0.0945 0.9876
0.7169 0.0895 0.8064
0.0542 0.5813 0.6355
0.826 0.0396 0.8656
0.3153 0.536 0.8513
0.848 0.1064 0.9544
0.5116 0.2287 0.7403
0.2165 0.595 0.8115
0.5619 0.2469 0.8088
0.5586 0.4016 0.9602
0.0652 0.5135 0.5787
0.2921 0.372 0.6641
0.1687 0.4552 0.6239
0.1366 0.8242 0.9608
0.6152 0.284 0.8992
0.1991 0.195 0.3941
0.2107 0.1683 0.379
0.1394 0.4575 0.5969
0.0422 0.1195 0.1617
0.0603 0.4154 0.4757
0.5121 0.4682 0.9803
0.2266 0.1444 0.371
0.0426 0.6916 0.7342
0.1208 0.0406 0.1614
0.1423 0.2961 0.4384
0.5237 0.1519 0.6756
0.6985 0.2177 0.9162
0.6952 0.1158 0.811
0.0554 0.316 0.3714
0.5181 0.3075 0.8256
0.3878 0.0224 0.4102
0.5339 0.0236 0.5575
0.0262 0.4618 0.488
0.5616 0.1142 0.6758
0.5881 0.2778 0.8659
0.4945 0.4392 0.9337
0.0516 0.3409 0.3925
0.7901 0.0168 0.8069
0.1316 0.4365 0.5681
0.4924 0.2926 0.785
0.4996 0.0568 0.5564
0.368 0.2238 0.5918
0.1331 0.1392 0.2723
0.2092 0.6328 0.842
0.1709 0.177 0.3479
0.7343 0.1575 0.8918
0.1016 0.1666 0.2682
0.2101 0.5044 0.7145
0.5098 0.3776 0.8874
0.3365 0.2997 0.6362
0.4814 0.3984 0.8798
0.1661 0.7147 0.8808
0.6206 0.3549 0.9755
0.5111 0.409 0.9201
0.4895 0.1081 0.5976
0.3952 0.5802 0.9754
0.5405 0.1691 0.7096
0.1008 0.6981 0.7989
0.2919 0.219 0.5109
0.5163 0.2474 0.7637
0.1619 0.519 0.6809
0.3888 0.0486 0.4374
0.4014 0.0189 0.4203
0.5865 0.2662 0.8527
0.4519 0.4045 0.8564
0.3196 0.0864 0.406
0.4695 0.2469 0.7164
0.4695 0.2401 0.7096
0.2012 0.2274 0.4286
0.1116 0.3292 0.4408
0.1024 0.4933 0.5957
0.6209 0.145 0.7659
0.2143 0.2676 0.4819
0.0103 0.4567 0.467
0.367 0.0365 0.4035
0.3711 0.4779 0.849
0.2371 0.6547 0.8918
0.6305 0.251 0.8815
0.0452 0.2071 0.2523
0.6812 0.2447 0.9259
0.3956 0.2908 0.6864
0.3099 0.0123 0.3222
0.4586 0.4926 0.9512
0.1935 0.7835 0.977
0.1021 0.5856 0.6877
0.1868 0.2051 0.3919
0.7456 0.227 0.9726
0.2624 0.3244 0.5868
0.2103 0.2749 0.4852
0.0251 0.8753 0.9004
0.3766 0.5304 0.907
0.703 0.1766 0.8796
0.4933 0.2906 0.7839
0.0584 0.1144 0.1728
0.4746 0.3496 0.8242
0.1827 0.2593 0.442
0.3231 0.11 0.4331
0.2959 0.5232 0.8191
0.3885 0.4386 0.8271
0.1606 0.3615 0.5221
0.4239 0.5374 0.9613
0.0905 0.1309 0.2214
0.0192 0.4451 0.4643
0.7502 0.0786 0.8288
0.6646 0.0815 0.7461
0.1343 0.8294 0.9637
0.2884 0.1879 0.4763
0.6878 0.0896 0.7774
0.611 0.0515 0.6625
0.0492 0.4265 0.4757
0.2559 0.1209 0.3768
0.7923 0.1817 0.974
0.4141 0.5119 0.926
0.1823 0.5876 0.7699
0.0276 0.4978 0.5254
0.1734 0.1862 0.3596
0.015 0.3656 0.3806
0.0689 0.4703 0.5392
0.2337 0.4336 0.6673
0.3621 0.5768 0.9389
0.5999 0.0074 0.6073
0.3086 0.1039 0.4125
0.1718 0.3843 0.5561
0.1963 0.4694 0.6657
0.3459 0.5732 0.9191
0.6996 0.0356 0.7352
0.297 0.5071 0.8041
0.6223 0.1738 0.7961
0.1868 0.5674 0.7542
0.2215 0.5453 0.7668
0.5125 0.3305 0.843
0.1613 0.3602 0.5215
0.8964 0.0391 0.9355
0.0369 0.798 0.8349
0.0172 0.4912 0.5084
0.1974 0.0913 0.2887
0.3704 0.5786 0.949
0.8842 0.0949 0.9791
0.4551 0.5272 0.9823
0.4747 0.0755 0.5502
0.2922 0.0606 0.3528
0.7204 0.186 0.9064
0.0224 0.5694 0.5918
0.7767 0.0999 0.8766
0.3492 0.4375 0.7867
0.5884 0.2163 0.8047
0.311 0.0106 0.3216
0.3013 0.1652 0.4665
0.7487 0.2021 0.9508
0.2656 0.65 0.9156
0.5562 0.132 0.6882
0.1599 0.6725 0.8324
0.3253 0.0009 0.3262
0.3754 0.4294 0.8048
0.4368 0.3662 0.803
0.0631 0.9337 0.9968
0.0801 0.6392 0.7193
0.1811 0.7769 0.958
0.0738 0.0937 0.1675
0.4137 0.4641 0.8778
0.4268 0.0924 0.5192
0.1584 0.1347 0.2931
0.5513 0.3863 0.9376
0.2861 0.3594 0.6455
0.14 0.0694 0.2094
0.4182 0.2465 0.6647
0.122 0.5954 0.7174
0.2533 0.3704 0.6237
0.0378 0.1654 0.2032
0.0231 0.6163 0.6394
0.499 0.456 0.955
0.6247 0.1818 0.8065
0.1544 0.3104 0.4648
0.7168 0.2685 0.9853
0.4097 0.4949 0.9046
0.4332 0.2305 0.6637
0.238 0.7104 0.9484
0.7772 0.1871 0.9643
0.4407 0.181 0.6217
0.7266 0.1436 0.8702
0.346 0.3722 0.7182
0.1722 0.6928 0.865
0.1565 0.2473 0.4038
0.3405 0.5138 0.8543
0.3914 0.1618 0.5532
0.1076 0.5543 0.6619
0.1139 0.6273 0.7412
0.1176 0.3184 0.436
0.3634 0.2152 0.5786
0.2835 0.3271 0.6106
0.2614 0.1108 0.3722
0.3289 0.2144 0.5433
0.3972 0.0056 0.4028
0.6294 0.3566 0.986
0.4149 0.1713 0.5862
0.9302 0.0177 0.9479
0.51 0.1839 0.6939
0.059 0.8221 0.8811
0.288 0.3158 0.6038
0.3306 0.0636 0.3942
0.1377 0.0939 0.2316
0.4888 0.4513 0.9401
0.3476 0.2641 0.6117
0.1702 0.1767 0.3469
0.7784 0.2124 0.9908
0.4155 0.4275 0.843
0.3388 0.5052 0.844
0.3462 0.0266 0.3728
0.4634 0.0478 0.5112
0.8504 0.0686 0.919
0.306 0.6324 0.9384
0.2996 0.6401 0.9397
0.5645 0.3794 0.9439
0.0373 0.7691 0.8064
0.09 0.2417 0.3317
0.0285 0.0873 0.1158
0.7283 0.0775 0.8058
0.1358 0.2478 0.3836
0.1381 0.3478 0.4859
0.0431 0.5556 0.5987
0.4485 0.1749 0.6234
0.8254 0.138 0.9634
0.3717 0.2404 0.6121
0.0012 0.474 0.4752
0.2306 0.4917 0.7223
0.193 0.5402 0.7332
0.5839 0.3075 0.8914
0.7302 0.1779 0.9081
0.513 0.3742 0.8872
0.1763 0.0989 0.2752
0.1699 0.6433 0.8132
0.4954 0.0431 0.5385
0.3812 0.3656 0.7468
0.6222 0.1825 0.8047
0.587 0.0738 0.6608
0.7974 0.173 0.9704
0.1677 0.3662 0.5339
0.7745 0.1311 0.9056
0.3017 0.0313 0.333
0.3488 0.4362 0.785
0.3264 0.1301 0.4565
0.4217 0.1212 0.5429
0.4593 0.0412 0.5005
0.203 0.7588 0.9618
0.356 0.5242 0.8802
0.3331 0.4722 0.8053
0.3848 0.1045 0.4893
0.0317 0.828 0.8597
0.1129 0.759 0.8719
0.1919 0.0062 0.1981
0.2788 0.1632 0.442
0.2878 0.0056 0.2934
0.0383 0.0288 0.0671
0.0418 0.8676 0.9094
0.3406 0.1637 0.5043
0.1147 0.0616 0.1763
0.1063 0.7022 0.8085
0.3422 0.2341 0.5763
0.6671 0.1069 0.774
0.3068 0.4537 0.7605
0.4042 0.5854 0.9896
0.2055 0.1277 0.3332
0.4246 0.0379 0.4625
0.8239 0.1703 0.9942
0.4962 0.4154 0.9116
0.1913 0.4199 0.6112
0.4897 0.376 0.8657
0.0177 0.416 0.4337
0.042 0.8898 0.9318
0.5661 0.4234 0.9895
0.3924 0.1744 0.5668
0.7033 0.1952 0.8985
0.4878 0.1761 0.6639
0.1735 0.5441 0.7176
0.716 0.2593 0.9753
0.3701 0.4654 0.8355
0.2897 0.1831 0.4728
0.2121 0.3748 0.5869
0.0176 0.9085 0.9261
0.4865 0.3398 0.8263
0.6041 0.2852 0.8893
0.5041 0.2003 0.7044
0.4562 0.3048 0.761
0.6104 0.1663 0.7767
0.3117 0.3521 0.6638
0.7396 0.0977 0.8373
0.0193 0.4182 0.4375
0.0725 0.6362 0.7087
0.0555 0.2905 0.346
0.0291 0.4107 0.4398
0.0356 0.5872 0.6228
0.6926 0.2833 0.9759
0.499 0.4335 0.9325
0.3805 0.0946 0.4751
0.386 0.0784 0.4644
0.0669 0.0639 0.1308
0.5105 0.3758 0.8863
0.2201 0.2797 0.4998
0.5982 0.2905 0.8887
0.5755 0.1952 0.7707
0.1925 0.5936 0.7861
0.001 0.9214 0.9224
0.6693 0.0829 0.7522
0.1358 0.1969 0.3327
0.1987 0.6515 0.8502
0.0975 0.7036 0.8011
0.905 0.0712 0.9762
0.3112 0.091 0.4022
0.2101 0.7779 0.988
0.9071 0.0448 0.9519
0.1973 0.617 0.8143
0.4601 0.3071 0.7672
0.1394 0.2233 0.3627
0.0317 0.2182 0.2499
0.2505 0.7465 0.997
0.4403 0.0168 0.4571
0.3148 0.5193 0.8341
0.3209 0.3263 0.6472
0.5881 0.1556 0.7437
0.1135 0.4043 0.5178
0.2782 0.1321 0.4103
0.4582 0.1619 0.6201
0.485 0.0583 0.5433
0.1429 0.241 0.3839
0.0522 0.4309 0.4831
0.0756 0.3348 0.4104
0.5383 0.0804 0.6187
0.4255 0.1608 0.5863
0.164 0.4536 0.6176
0.0507 0.0027 0.0534
0.1193 0.2915 0.4108
0.1871 0.3061 0.4932
0.9323 0.0317 0.964
0.6641 0.1271 0.7912
0.5728 0.0771 0.6499
0.3629 0.3597 0.7226
0.6826 0.1276 0.8102
0.6079 0.2306 0.8385
0.0186 0.3449 0.3635
0.0957 0.0548 0.1505
0.3669 0.2275 0.5944
0.156 0.3227 0.4787
0.1261 0.6769 0.803
0.2612 0.5955 0.8567
0.1872 0.3338 0.521
0.1776 0.2712 0.4488
0.0426 0.4479 0.4905
0.0015 0.6771 0.6786
0.0883 0.8945 0.9828
0.1931 0.1138 0.3069
0.7953 0.1268 0.9221
0.3124 0.2755 0.5879
0.3816 0.2418 0.6234
0.6366 0.0675 0.7041
0.2512 0.2679 0.5191
0.181 0.4606 0.6416
0.0832 0.176 0.2592
0.1041 0.8444 0.9485
0.5432 0.2755 0.8187
0.4469 0.0502 0.4971
0.9228 0.0724 0.9952
0.8216 0.1198 0.9414
0.5521 0.1693 0.7214
0.5066 0.2823 0.7889
0.4362 0.3527 0.7889
0.089 0.441 0.53
0.3134 0.6097 0.9231
0.7891 0.0878 0.8769
0.0825 0.3929 0.4754
0.0206 0.9114 0.932
0.3523 0.5415 0.8938
0.1463 0.5556 0.7019
0.0575 0.1985 0.256
0.2335 0.0299 0.2634
0.0287 0.9087 0.9374
0.1619 0.1175 0.2794
0.2747 0.0019 0.2766
0.3916 0.144 0.5356
0.5726 0.1998 0.7724
0.3608 0.5907 0.9515
0.0338 0.588 0.6218
0.6026 0.1246 0.7272
0.1284 0.134 0.2624
0.4176 0.0033 0.4209
0.6265 0.3056 0.9321
0.0827 0.7501 0.8328
0.2923 0.1471 0.4394
0.4496 0.3818 0.8314
0.8547 0.0064 0.8611
0.176 0.5405 0.7165
0.1999 0.5444 0.7443
0.6288 0.353 0.9818
0.096 0.1202 0.2162
0.0871 0.6334 0.7205
0.5154 0.0834 0.5988
0.0689 0.674 0.7429
0.4492 0.0474 0.4966
0.0965 0.1043 0.2008
0.2297 0.5736 0.8033
0.2209 0.2862 0.5071
0.5125 0.0568 0.5693
0.0077 0.0507 0.0584
0.3621 0.5356 0.8977
0.2277 0.6864 0.9141
0.3727 0.3062 0.6789
0.3581 0.5682 0.9263
0.1732 0.7478 0.921
0.2516 0.7234 0.975
0.6955 0.0311 0.7266
0.1365 0.7043 0.8408
0.2186 0.0025 0.2211
0.4449 0.0027 0.4476
0.1804 0.3396 0.52
0.3918 0.3929 0.7847
0.02 0.667 0.687
0.073 0.9225 0.9955
0.6829 0.3027 0.9856
0.1482 0.6982 0.8464
0.3037 0.2162 0.5199
0.4751 0.0762 0.5513
0.4283 0.3301 0.7584
0.399 0.3701 0.7691
0.1388 0.4827 0.6215
0.157 0.258 0.415
0.5339 0.1888 0.7227
0.1721 0.2688 0.4409
0.1921 0.6967 0.8888
0.1887 0.7973 0.986
0.3168 0.0824 0.3992
0.078 0.8788 0.9568
0.1312 0.1572 0.2884
0.5299 0.1927 0.7226
0.867 0.0153 0.8823
0.2742 0.5155 0.7897
0.426 0.0237 0.4497
0.494 0.0377 0.5317
0.4934 0.1849 0.6783
0.5762 0.1243 0.7005
0.1333 0.3878 0.5211
0.7393 0.1399 0.8792
0.4018 0.2397 0.6415
0.4486 0.0639 0.5125
0.2302 0.7522 0.9824
0.2794 0.3488 0.6282
0.4439 0.1922 0.6361
0.3942 0.5894 0.9836
0.5753 0.1774 0.7527
0.1494 0.4319 0.5813
0.549 0.0372 0.5862
0.3582 0.3133 0.6715
0.2375 0.4319 0.6694
0.0523 0.1982 0.2505
0.2112 0.3468 0.558
0.5249 0.3536 0.8785
0.2452 0.4865 0.7317
0.055 0.2075 0.2625
0.3293 0.547 0.8763
0.5243 0.0865 0.6108
0.0467 0.4305 0.4772
0.6755 0.2462 0.9217
0.2553 0.7433 0.9986
0.136 0.763 0.899
0.5305 0.2223 0.7528
0.2897 0.5429 0.8326
0.0242 0.1883 0.2125
0.3163 0.0736 0.3899
0.027 0.3234 0.3504
0.3631 0.1267 0.4898
0.0584 0.7259 0.7843
0.1576 0.251 0.4086
0.3836 0.575 0.9586
0.4159 0.231 0.6469
0.6305 0.2182 0.8487
0.2885 0.5971 0.8856
0.0429 0.7649 0.8078
0.1998 0.1352 0.335
0.0719 0.8889 0.9608
0.0411 0.3182 0.3593
0.2567 0.1224 0.3791
0.3162 0.2488 0.565
0.1605 0.0756 0.2361
0.0409 0.6872 0.7281
0.4111 0.0358 0.4469
0.3328 0.4487 0.7815
0.1862 0.3895 0.5757
0.2658 0.1378 0.4036
0.0998 0.8231 0.9229
0.3779 0.0233 0.4012
0.0804 0.1508 0.2312
0.5194 0.032 0.5514
0.9763 0.0013 0.9776
0.2234 0.2788 0.5022
0.4724 0.1223 0.5947
0.231 0.6544 0.8854
0.36 0.0551 0.4151
0.4514 0.2725 0.7239
0.4465 0.1692 0.6157
0.3063 0.0835 0.3898
0.6098 0.0689 0.6787
0.4991 0.3204 0.8195
0.8549 0.142 0.9969
0.0003 0.7614 0.7617
0.1101 0.8581 0.9682
0.1729 0.2646 0.4375
0.3192 0.4027 0.7219
0.4356 0.5644 1.0
0.5163 0.2758 0.7921
0.5057 0.2478 0.7535
0.2485 0.3818 0.6303
0.5515 0.2099 0.7614
0.1449 0.5642 0.7091
0.4477 0.1881 0.6358
0.1084 0.6175 0.7259
0.1882 0.029 0.2172
0.1757 0.5125 0.6882
0.0286 0.9653 0.9939
0.3239 0.069 0.3929
0.3298 0.0377 0.3675
0.1505 0.7229 0.8734
0.1302 0.7506 0.8808
0.0068 0.8555 0.8623
0.1256 0.4552 0.5808
0.079 0.6304 0.7094
0.5063 0.35 0.8563
0.7104 0.2257 0.9361
0.194 0.6254 0.8194
0.0214 0.682 0.7034
0.1002 0.7597 0.8599
0.0678 0.3332 0.401
0.8897 0.0991 0.9888
0.3179 0.6331 0.951
0.1814 0.1047 0.2861
0.0275 0.0568 0.0843
0.3048 0.2869 0.5917
0.6033 0.2167 0.82
0.2936 0.3273 0.6209
0.3074 0.3405 0.6479
0.4827 0.1357 0.6184
0.1668 0.2177 0.3845
0.1599 0.6684 0.8283
0.2432 0.2322 0.4754
0.1886 0.2208 0.4094
0.0187 0.0205 0.0392
0.4891 0.2901 0.7792
0.0124 0.1121 0.1245
0.7577 0.2145 0.9722
0.332 0.4692 0.8012
0.7616 0.0508 0.8124
0.1541 0.6579 0.812
0.4646 0.4305 0.8951
0.5746 0.0106 0.5852
0.5684 0.179 0.7474
0.0983 0.111 0.2093
0.573 0.3153 0.8883
0.6316 0.0971 0.7287
0.529 0.289 0.818
0.2497 0.3699 0.6196
0.7717 0.0963 0.868
